window_size,start_timestamp,end_timestamp,a,b,c,r_squared
300,115000,144900,-0.0003148931358829104,0.030589785814970075,2000.5247729422895,0.82226071402062
300,120000,149900,-0.000305396682380924,0.00016803974780424088,2000.7493532595543,0.8133122777083321
300,125000,154900,0.00016666937043827425,-0.14849046016458176,2005.449215308794,0.8399932541032151
300,185000,214900,-0.0006106985693720275,0.06573535153645062,1987.4953523574839,0.8302538751069403
300,195000,224900,0.0006416958099441597,-0.3033175077339765,1996.9229071967611,0.8050049154173079
300,215000,244900,0.0003748254160417182,-0.04535161360552051,1963.6714650942772,0.898769784586714
300,220000,249900,0.00016189806833125388,0.03517173956075498,1961.2141406129679,0.8968778716995018
300,225000,254900,-0.0001397327999013611,0.12328434610649508,1960.3700376229347,0.8680813952022862
300,230000,259900,-0.0005115375296101452,0.21346172704238547,1960.5769523222812,0.9471829587342137
300,305000,334900,0.0001387478439475042,0.028113945765819607,1965.4736521748696,0.8254380047803374
300,370000,399900,-2.3923946380268593e-05,0.047075259101023996,1967.083049217839,0.8109561014528172
300,375000,404900,0.00020246270461817613,-0.009394224879459111,1971.5775578095092,0.8277002231597381
300,380000,409900,0.00018886473930583065,0.017017815040579875,1971.3315260390311,0.8258518396615798
300,475000,504900,0.0010071334945733362,-0.08179303332318809,2017.3332891465534,0.8393782848696257
300,510000,539900,-0.000931176818005358,0.39654651441300004,2030.5554126421862,0.8173093849168327
300,520000,549900,-0.0008976115458771849,0.17277878991658607,2065.796758487162,0.800475297546301
300,525000,554900,-0.0005471477548519866,0.013306842141448928,2074.0497454401443,0.8477959445418112
300,530000,559900,-0.00018380308773509484,-0.10827724603797624,2074.5556677520844,0.8338872909013413
300,615000,644900,0.0008648149337359164,-0.15265582158877677,2068.1271754196828,0.8066101903675779
300,620000,649900,0.000729502712753423,-0.00745374814035165,2058.2335577875074,0.9344654493248392
300,625000,654900,0.00036423171639696927,0.12411775038656825,2059.582018877473,0.9173748527398734
300,630000,659900,-0.00045560111341711536,0.3731049204693569,2056.3472502255177,0.9352201780210038
300,635000,664900,-0.001071268625505729,0.4870653940937136,2066.071270599107,0.8899231978621492
300,650000,679900,0.0013773675691230414,-0.19283724766050594,2123.756183692328,0.9450156728196828
300,695000,724900,0.0006712833302238848,-0.05582310584127607,2113.8626350355325,0.9357325378588538
300,805000,834900,-0.0006741014744403821,0.28412725831231256,2085.201682911267,0.8159909380497798
300,840000,869900,-0.0018083307088377347,0.4167317268407594,2088.9242465512307,0.921225528736493
300,845000,874900,-0.0008474589818706178,0.05046131414685445,2109.22615872038,0.8042641971555018
300,850000,879900,0.00048260047756598797,-0.36827036471247376,2125.3857148357574,0.8289120837434957
300,855000,884900,0.0011176696107227343,-0.5310917348118884,2121.6705901960354,0.8776120174376988
300,945000,974900,-5.81723799183051e-05,-0.10915486449782774,2049.0101074783834,0.8038633668932929
300,950000,979900,-0.0001795393323433823,-0.07358137589195379,2040.9663613561856,0.8773773995072178
300,955000,984900,0.0001505666239973497,-0.19072981735739397,2042.3346688741722,0.9067518531996217
300,960000,989900,0.00037073689260725014,-0.21434925865543178,2033.5486561351784,0.8286544479090827
300,110000,139900,-0.00026569519281160304,0.024871034074796256,1978.4944928604432,0.8229701755919487
300,115000,144900,-5.17918896473053e-05,-0.0622884224865389,1982.2614490330247,0.9189357541263843
300,120000,149900,0.00014389645096633949,-0.11117057378932381,1980.5663344040834,0.8904199217679487
300,180000,209900,0.0009525138305449,-0.2634898429796767,1974.6523682647246,0.8444531318476122
300,190000,219900,1.821088825022887e-06,0.09669635267307622,1952.8928688037668,0.830460807485686
300,195000,224900,-0.00014054120283692742,0.1441590656176409,1954.5650646850454,0.8602928411387336
300,200000,229900,-9.657930374078614e-05,0.11313670359062579,1962.8573044597479,0.8309661614075533
300,220000,249900,-0.00041400666683259844,0.02034828849733713,1985.5210988757121,0.832189413778481
300,225000,254900,0.00031351620753571947,-0.19925718511805857,1993.457104794174,0.8205612985447426
300,230000,259900,0.00043021701184376093,-0.22083991104155667,1988.5835171943413,0.8116504050054993
300,450000,479900,-9.401293894400914e-05,0.07266203043494415,1948.401661679611,0.8016597389493265
300,545000,574900,-0.0005740255690382673,0.34229465248696783,1981.035041693252,0.8867205771630936
300,550000,579900,-0.0003903662794153426,0.24266913920765026,1998.6534621900507,0.8274422279908098
300,555000,584900,-0.0001923058317104996,0.14393607075507345,2012.976918549647,0.8914927695622469
300,560000,589900,-0.00022746251323717384,0.13732161712820015,2018.9068788365494,0.8596692623899942
300,610000,639900,-0.00044472811430524997,0.06986411607071304,2023.3305229807925,0.8302937289859474
300,615000,644900,-0.0003530220689529556,-0.008019552195853069,2028.0850239818706,0.9268331503525216
300,620000,649900,0.00011629537437694929,-0.14773668320944408,2030.3785311654308,0.8655627584204441
300,645000,674900,-0.0002598705976209194,0.01030622652107527,2000.9847331191834,0.857988832030086
300,650000,679900,-0.0005499726401837273,0.041320118062697246,1999.747750654551,0.80058276102995
300,655000,684900,-0.000662005407380901,0.01899507297862468,1998.01620833425,0.8402206383510868
300,660000,689900,-0.00020790713054038437,-0.12826877277958956,1998.718910695034,0.8134688207450431
300,700000,729900,-0.0001290397860972327,0.10343539440416542,1942.5749343248774,0.8375731723828157
300,720000,749900,0.00042554544367252726,-0.07482728309359049,1961.7074097379596,0.8081493878228705
300,735000,764900,-0.0008015876063230241,0.24266594974897812,1954.7539641592045,0.8150010011826763
300,745000,774900,-1.1435178491923436e-05,-0.06786567368415988,1976.4239268662957,0.8191424268024956
300,750000,779900,-0.00020984410234650342,-0.0364206041094033,1972.668761743416,0.8537488988327392
300,755000,784900,-0.00012995025643155466,-0.05829128606488445,1968.7935840795583,0.8402276249973128
300,760000,789900,-0.00029204805190804513,-0.027004013883732293,1963.3081164330818,0.8855030456474361
300,765000,794900,0.00034762086765431627,-0.21660433571415474,1968.6158073529734,0.8687967715193692
300,885000,914900,-0.0008599492807082128,0.3638844655943185,1924.8255684143362,0.8074243406795891
300,915000,944900,0.0005855637409063151,-0.09285264485416962,1954.9456284790213,0.8434814201178453
300,920000,949900,0.0006277772095349605,-0.03527446975188771,1951.0592788937538,0.9346938064612412
300,925000,954900,0.0008936539309499148,-0.03472049777594039,1953.8433289696598,0.9506786445110829
300,930000,959900,0.0002710637626677709,0.18946771847104205,1949.6182775956527,0.9350483968822343
300,935000,964900,-0.0006147039276924256,0.42548849318024395,1951.018484961827,0.9050835996115457
300,940000,969900,-0.0010062195919495684,0.4942925850254433,1962.300747728323,0.8982330353750867
300,955000,984900,-0.0015189880541417794,0.27792846986663283,2010.5567403357463,0.9342449024290411
300,960000,989900,-0.0007446217996088069,-0.015935955004445404,2022.9711767617873,0.8849690603406045
300,965000,994900,0.0005529852149549119,-0.43041285783016914,2037.1266880816702,0.942748791594039
300,970000,999900,0.00143272768169455,-0.6057318806744908,2028.4414227409738,0.941131195684544
300,20000,49900,0.00023774926990376055,-0.19562030429314198,1983.9267134936526,0.8456705189039677
300,25000,54900,0.0006144362338083296,-0.27378254575437766,1979.8227999383953,0.8824155323938199
300,50000,79900,0.0004988439725669481,-0.07769922051832549,1951.7804577457043,0.8200920097173026
300,55000,84900,8.653863481969315e-06,0.08917306993639244,1944.1569734439286,0.8269036753906177
300,60000,89900,-0.0004832478468639628,0.2221260799342551,1941.9621798200258,0.8611539273331814
300,90000,119900,-0.00040832410422390176,0.06721174186110994,1966.4887204901984,0.8089111738603632
300,95000,124900,2.6181861942363843e-05,-0.08686669936879618,1974.3600386130117,0.8747667538171978
300,100000,129900,0.00037792392151271434,-0.1692568776170247,1973.8078111592704,0.8127846352679067
300,185000,214900,-0.0007733070351941493,0.16601941241870502,1952.0634417284548,0.8038447419070774
300,190000,219900,-0.0006993789404599617,0.08291323429676303,1957.4493827418537,0.8642400442469492
300,365000,394900,2.6344587031948727e-05,0.07090551050569206,1924.9649025323974,0.8080108344290051
300,370000,399900,0.00020096436211840678,0.02278224317756801,1931.2369016083255,0.8682336702275967
300,375000,404900,-0.00015993781128090449,0.130985996290665,1929.0667638775824,0.8489777614807599
300,380000,409900,-0.0003305742786547035,0.16460721782340632,1932.4205849156233,0.823684227111733
300,420000,449900,-0.0015497045630684645,0.37354644418835786,1924.5004127521945,0.851100542015306
300,445000,474900,-0.00040254867225831143,0.183978204295805,1905.3997367494665,0.8196818157823705
300,475000,504900,0.00038052846126980955,-0.177359049709004,1932.6246732745153,0.8578499493489861
300,490000,519900,-0.00021575056628294131,0.005358873201420385,1914.0707054850277,0.8463860619842463
300,545000,574900,0.00048511328383176177,-0.09271106811232173,1907.0745923082,0.8485316935639565
300,550000,579900,-5.5123790800662415e-05,0.09274830529708523,1897.1512493674506,0.9174520623681447
300,555000,584900,-0.00023022176529302412,0.138970531536211,1898.634396932961,0.9453140124506058
300,560000,589900,-4.7465291258173606e-05,0.07964384932760767,1905.9917580471276,0.8824911056103715
300,595000,624900,-0.0005337634680772322,0.07901027045502021,1917.415893049658,0.8356154338080691
300,600000,629900,-0.00012361422542061498,-0.0764666069021283,1924.728329629711,0.88792845669091
300,605000,634900,3.2893432334936394e-06,-0.12463488753096906,1922.481394908803,0.9136664696907074
300,610000,639900,1.2609305449014419e-05,-0.12351873509095258,1915.8413276935603,0.8985470126138005
300,615000,644900,0.0006045846000804568,-0.26794420846197914,1916.1173747552307,0.8763289012308397
300,635000,664900,-0.00011918476946537297,0.09394467171932036,1881.9529568106313,0.8182667812624891
300,650000,679900,-0.0007560956345692807,0.17390534843347819,1888.5807311170272,0.9285132060803307
300,655000,684900,-0.00042795256505462516,0.03241142199138895,1897.1522811379289,0.8931360365133234
300,660000,689900,0.00015393419379894742,-0.15870190923016614,1904.742640755979,0.9299615480561154
300,665000,694900,0.0004893422471671429,-0.2297931483453806,1901.3104613759872,0.9130722281282624
300,670000,699900,0.0006832074000737289,-0.23621303411117253,1894.2049938395196,0.8509290746902642
300,715000,744900,-0.00030151424446962387,0.02961841982598121,1870.5006300191415,0.8205734146324651
300,725000,754900,-4.6883024342397806e-05,-0.06485418541284182,1871.158500143011,0.8342925205355538
300,730000,759900,0.0002925472277879404,-0.16063765628676277,1872.4344127741963,0.8488853370433058
300,765000,794900,-3.550020678408046e-05,-0.0737962649585242,1857.4405620338387,0.8780784165480128
300,770000,799900,0.0003950884306436342,-0.18844477757730008,1858.9440387450222,0.8842167624233299
300,820000,849900,0.00010579944559596543,0.03576415908006533,1821.8767937999164,0.8131728140321988
300,835000,864900,-0.0009166121940519599,0.2310115676273316,1825.8331307341973,0.8173308074566464
300,885000,914900,0.0010908086987100228,-0.1546776734239914,1850.7868240522762,0.8713480640863684
700,85000,154900,-0.0001409868097339438,0.07084914038173006,1992.5581777122861,0.8161409642110062
700,90000,159900,-0.00013135583539531094,0.05753479600239211,1994.2718511667442,0.8290686070469002
700,95000,164900,-8.232763510241972e-05,0.015722628373699272,1999.757273213393,0.8087709022488674
700,435000,504900,0.00016583307576165053,0.016414367016894593,1976.329409338482,0.8424172577397745
700,440000,509900,8.206913749236035e-05,0.07528527597191342,1974.6783093487586,0.813430060056945
700,445000,514900,-9.300366109965113e-05,0.19558569147977176,1964.8922915980834,0.8021090303455432
700,580000,649900,0.0002517641512156506,-0.09854588162369875,2057.4098116592554,0.8368910941261187
700,585000,654900,0.00020721390385711265,-0.03771241386587841,2047.3858984896858,0.9038678590833377
700,590000,659900,0.0001864015794501507,-0.006323255697422591,2045.29531032765,0.9221451539987338
700,595000,664900,0.00013748742494525392,0.03127165195380223,2045.6323759185811,0.899597195857431
700,600000,669900,0.00010075821937326184,0.06656008889441352,2045.3031788270375,0.9082537759574163
700,605000,674900,0.00011649889376614872,0.06868684493005729,2049.3979788162383,0.9199445277433267
700,610000,679900,0.0001902911731351765,0.0347110746642938,2058.3498722738664,0.9330415040843429
700,615000,684900,7.537897194458162e-05,0.12390627242217091,2052.7935148288075,0.9087681052316817
700,620000,689900,-9.360152648513016e-05,0.23973633294956706,2045.9112274545869,0.9049845653332595
700,625000,694900,-0.00023765977084453817,0.31692077328276774,2048.322239570542,0.8478007525906471
700,735000,804900,-5.224032541210167e-06,-0.08318550267051915,2153.445478576741,0.8057568243612987
700,740000,809900,3.9798022689935564e-05,-0.12006039969439701,2155.213260090678,0.8392652917412948
700,745000,814900,0.00011897552658234632,-0.16796050053769335,2155.839004344047,0.8242940075394345
700,815000,884900,-0.0001975203535244436,0.046605068153932214,2111.006230075995,0.8325547555356003
700,820000,889900,-0.000155654224647822,0.009972401626696412,2112.888715954358,0.8221672561633883
700,825000,894900,-7.041293311110332e-05,-0.05552419450747967,2118.2011379783635,0.8088215068773417
700,830000,899900,-8.827271546058162e-06,-0.10183593137104274,2119.986786197635,0.8128205875340461
700,845000,914900,0.00018917571009587146,-0.23007316971720027,2120.7237677554654,0.8405838867891748
700,850000,919900,0.0002465652955839324,-0.25752793060778184,2117.3135083231873,0.844878153319587
700,910000,979900,-0.00017877014577437643,0.06508976947823168,2044.5369953354618,0.8588839726517007
700,915000,984900,-0.0001552784147203336,0.030390624413445422,2049.714867701644,0.8985061345795075
700,920000,989900,-0.00012347993626313412,0.0032713963553494827,2050.4661248800335,0.8843145334791656
700,925000,994900,-5.807768580394205e-05,-0.043918304504166436,2053.1815804998614,0.8497313330987595
700,930000,999900,4.352226358398335e-06,-0.08939529207629913,2055.625742067411,0.8509796312504022
700,935000,4900,0.00010246473949390922,-0.154095907515975,2059.627886378956,0.8546742244571132
700,940000,9900,0.00022548583707728443,-0.22900167000317023,2063.8848984531082,0.8967198537822966
700,945000,14900,0.00023950506491649738,-0.21973847660725954,2055.4867952549907,0.8648138467349212
700,500000,569900,0.0002897283185771114,-0.15360701527095308,2003.3204307120998,0.8322752514926247
700,505000,574900,0.00024399734666963967,-0.09968616395885081,1994.1956298955442,0.8613061954467531
700,510000,579900,0.0002051680443423667,-0.05673328609903493,1988.85284896511,0.8742966525273801
700,515000,584900,0.00013155528807610341,0.006037563828089845,1982.276387290788,0.8765390834901435
700,520000,589900,2.1293132371407158e-05,0.09357798946166421,1973.048349157579,0.9055839704165466
700,525000,594900,-6.572085649482278e-05,0.15496076299110273,1969.854057120562,0.9217603133475136
700,530000,599900,-0.00014305855997518764,0.1996887053863307,1970.8828394200507,0.9131857858850501
700,535000,604900,-0.0002620449282222774,0.257234623036272,1972.5683559505958,0.843888961418139
700,540000,609900,-0.0003271500123243595,0.2798837211339802,1977.2956934973413,0.8382407385005293
700,545000,614900,-0.0003277353315593262,0.2628070393373153,1985.5008197342365,0.8053938712682392
700,605000,674900,-5.373211245565784e-05,-0.025323891929492186,2025.21743369406,0.8545183885093064
700,610000,679900,-4.824386105840804e-05,-0.04592568325923838,2028.1261224850598,0.8744710237093609
700,615000,684900,-8.810723736339257e-05,-0.035281069676633,2025.7579026299427,0.8784831345333373
700,620000,689900,-0.0001097176000795914,-0.028038853264537634,2021.3517376885281,0.8969264672388207
700,625000,694900,-0.00011124256917174186,-0.029040560065515548,2016.604664729786,0.8984886428896023
700,630000,699900,-6.0152981568364176e-05,-0.06364946526412034,2015.873003009829,0.87213416767328
700,635000,704900,-5.5542671003303754e-05,-0.06762169778565096,2011.2948937241233,0.8724860716636245
700,640000,709900,6.808761450626536e-06,-0.10688401080582642,2010.6305317190338,0.8414977350063303
700,645000,714900,0.00011771865012884719,-0.17995906347099397,2014.918066498409,0.8455460162193734
700,650000,719900,0.00021013914254799235,-0.23414087311197582,2015.6244507845934,0.8636729042715241
700,655000,724900,0.0002657380514072355,-0.2557677871809535,2011.0713524896405,0.8600638398276705
700,660000,729900,0.00028453319856987464,-0.24872425648513966,2002.867053929586,0.8257481804347754
700,720000,789900,-0.00021750245252631086,0.12029542651078494,1952.2474879772312,0.8419869876810664
700,725000,794900,-0.00019767362229849915,0.09425978111243334,1956.5173167496635,0.8361743390757981
700,745000,814900,4.25687181247836e-05,-0.10105116926643862,1978.5058135595582,0.8410614926441015
700,750000,819900,5.75450037455839e-05,-0.10822752788784006,1975.267349164546,0.8200651076255129
700,890000,959900,0.0002984898868288221,-0.12266557612600452,1962.7934066717876,0.8044153731250818
700,895000,964900,0.0003542513173083671,-0.15151942219337652,1969.184632767771,0.8902478911070443
700,900000,969900,0.0003200206179833628,-0.10965099847069285,1964.812800717273,0.892620733205828
700,905000,974900,0.00016789068032395233,0.007500409786492429,1952.223053225899,0.8318839380851148
700,925000,994900,-0.0006113235863523464,0.45416902008968735,1928.3035852149121,0.8157637619735424
700,55000,124900,-0.00019065197148567417,0.1434834690376369,1941.7656531659811,0.8044280441266525
700,335000,404900,8.423932058189403e-05,-0.009275358773191677,1922.8678328708856,0.8890821545274411
700,340000,409900,4.3434690607322995e-05,0.024677001196953388,1919.6705358993518,0.9165705595429825
700,345000,414900,3.0148712411241585e-05,0.034648050040285615,1920.8946209844999,0.9075380943811135
700,450000,519900,-0.00010804520073312744,0.04036386466577545,1920.1688428444277,0.8281222419904104
700,455000,524900,-4.144034908123189e-05,-0.012712517203661617,1927.0085464685894,0.8239393341242899
700,550000,619900,-0.00016564277739572456,0.135005944125996,1894.503890709069,0.8356145510589787
700,555000,624900,-0.0002051066416214439,0.14401990533669534,1897.6340414095334,0.8460965952599167
700,560000,629900,-0.00020583383158472555,0.12541295053594934,1903.7935492206318,0.8742892166808808
700,565000,634900,-0.00020219058937522846,0.10374151260653083,1909.4232141245977,0.9163859859036257
700,570000,639900,-0.00018673647100925163,0.07543152918857232,1914.7023584570445,0.9345231250194067
700,575000,644900,-0.00012451123743930254,0.024512545160839616,1920.3975713049037,0.8728381881628692
700,580000,649900,-3.0404083791982954e-05,-0.044304221492591216,1927.4454036880854,0.8224646797534451
700,585000,654900,5.33766663939632e-05,-0.10291557821667441,1932.3451929652215,0.8350886187237653
700,590000,659900,0.00011327314079323669,-0.13657637783113916,1932.2153625380802,0.8146257896714856
700,595000,664900,0.0001711086937640905,-0.16551732428408214,1931.269696761473,0.8054763797426572
700,600000,669900,0.00020096144950510622,-0.1793801646783492,1929.6249671496676,0.8455720926596402
700,680000,749900,-8.678993654131108e-05,0.028359379593541942,1874.5144387400521,0.8482905915296395
700,685000,754900,-8.913435309791151e-05,0.022097676240904852,1875.2557195633658,0.8878015812160743
700,690000,759900,-5.806053384692674e-05,-0.005963913032713466,1878.3280109088882,0.8944159294764599
700,695000,764900,-3.057725376274521e-05,-0.03045308352249046,1880.359797672608,0.9083754545752579
700,700000,769900,4.298910172064648e-06,-0.049881564489102324,1879.5486696486269,0.8416250722935273
700,705000,774900,4.998524790004274e-05,-0.07879807224967732,1880.7138698858598,0.8322700876675099
700,710000,779900,6.654321009947635e-05,-0.08929097483355637,1879.7974647067942,0.841892329542764
700,715000,784900,4.642056358146345e-05,-0.07383561234387118,1875.2447605897037,0.8070484308390057
1000,405000,504900,0.00016829681371339532,-0.09177066754183263,1991.649130890068,0.8414792106647022
1000,410000,509900,0.00013206624714070741,-0.04545241341179927,1983.4539092314872,0.8361307706554254
1000,425000,524900,5.851436902161102e-05,0.039245648048913256,1976.7737565578134,0.8049317184801073
1000,430000,529900,3.0279243886098287e-05,0.07637485298160544,1971.7993142157243,0.8376225612035768
1000,435000,534900,-1.6710850024183247e-05,0.12773067921069917,1965.6869564357798,0.8625476085599926
1000,440000,539900,-3.958317918573758e-05,0.14830534176829765,1967.7655898562514,0.8601593429950404
1000,445000,544900,-8.842335420641729e-05,0.19443942395670405,1964.753262195888,0.8714754943178937
1000,450000,549900,-0.00013736052073205413,0.2282438182319802,1967.492895670198,0.8324729117261608
1000,560000,659900,0.00026548542307605334,-0.222721598154638,2095.188495716858,0.8379209051816838
1000,565000,664900,0.00020613398488909985,-0.14069408167044162,2074.6663981347992,0.8686532764895888
1000,570000,669900,0.00018487155065701372,-0.10300459542427312,2065.936350158823,0.8980344557168299
1000,575000,674900,0.00017457251323186782,-0.07399651931721463,2059.0621808161895,0.9230737076973472
1000,580000,679900,0.00016976304668455433,-0.04634871739330358,2052.2618553392713,0.9463769633554046
1000,585000,684900,0.00011881685834381646,0.018545267757836614,2041.728407933384,0.9414004248402057
1000,590000,689900,6.860741692681023e-05,0.0721775162064423,2036.9429839531726,0.9258732540545964
1000,595000,694900,8.254733453634268e-06,0.12748141500771312,2034.3775813767072,0.8788499037833135
1000,600000,699900,-8.836657841253854e-05,0.21054834410425835,2028.2794596959925,0.8047073173420736
1000,810000,909900,-4.228651010238134e-05,-0.03468988434182897,2117.1614643889047,0.800594067769967
1000,815000,914900,-7.95835477174202e-06,-0.07606240159582775,2123.4899766700364,0.8451812409391743
1000,820000,919900,2.4130668113244058e-05,-0.1059762113148047,2124.6736228262757,0.8330874005944032
1000,825000,924900,5.652795990957344e-05,-0.13710456158279355,2126.451829766042,0.845122359422044
1000,830000,929900,7.839612525031264e-05,-0.15568838549571878,2125.216991801612,0.8498721123164478
1000,835000,934900,8.711757511752709e-05,-0.1597004452123973,2120.872224945713,0.8413202425620218
1000,840000,939900,9.593037382148539e-05,-0.1639723325855531,2116.848838051171,0.8357845633277293
1000,845000,944900,0.00012669326680582723,-0.18772585269830067,2116.237300005384,0.8490428257701473
1000,850000,949900,0.00012333091614408732,-0.176887805908164,2108.999298572685,0.8058537676925519
1000,880000,979900,-7.396859820269511e-05,0.030016837726700576,2053.27981698541,0.819560481234713
1000,885000,984900,-8.661270733319019e-05,0.034321665421427845,2052.4804386481783,0.8615667124281241
1000,890000,989900,-8.472337918655703e-05,0.02756246173117643,2052.536829191766,0.8794801742871111
1000,895000,994900,-7.546817121055415e-05,0.01592626257290317,2052.678667407443,0.8752439761362234
1000,900000,999900,-5.696780245878441e-05,-0.006874107128616143,2055.4324095904094,0.875325407931292
1000,905000,4900,-3.4042599112859384e-05,-0.029216002710812684,2056.5409107658807,0.841210998990896
1000,930000,29900,7.286033446138082e-05,-0.12622063556008092,2058.5828473323086,0.8002856765917412
1000,935000,34900,8.285040502169365e-05,-0.13377491062402805,2056.7866775769144,0.8031720536196714
1000,495000,594900,8.124139425664631e-05,-0.010431521133757964,1983.7191872109927,0.8042297001979405
1000,500000,599900,7.865558376760419e-05,-0.01073438934129777,1988.0741142360632,0.8014299267383707
1000,520000,619900,-0.00013365922495559007,0.19090928111435,1963.5140817326385,0.8034728147048993
1000,525000,624900,-0.00015076307841478895,0.2016354723595313,1966.0230846159827,0.8205390902113241
1000,530000,629900,-0.0001608529381440473,0.20057387908769722,1971.867593783462,0.8014539780922831
1000,565000,664900,-5.1141454847069647e-05,0.005463081764990973,2034.0787800702292,0.8015504405768568
1000,570000,669900,-3.428914058556576e-05,-0.017323864133735375,2037.9798448078868,0.8403144619351182
1000,575000,674900,-2.2708341951618914e-05,-0.03409965617562249,2040.1593751906776,0.8733034207494105
1000,580000,679900,-3.628043222201598e-05,-0.027241875696233514,2037.838660148235,0.8646006449246869
1000,585000,684900,-6.140881958385225e-05,-0.011534758117900444,2034.0755240328533,0.869394452005413
1000,590000,689900,-7.917901567476163e-05,0.00039304795229820296,2029.6561014614128,0.8908389630696436
1000,595000,694900,-9.074829452110959e-05,0.00880251837156066,2024.8842145578972,0.9069982232207149
1000,600000,699900,-8.889131595622418e-05,0.006246440084283438,2021.5089109872163,0.9087071225045911
1000,605000,704900,-6.483186213905133e-05,-0.026153742643860604,2026.1610100378664,0.9231408673992689
1000,610000,709900,-2.3462571732764796e-05,-0.0713994216774988,2031.6921409967279,0.9235129473700701
1000,615000,714900,1.4117786758877306e-05,-0.1075483234167729,2033.7720151674673,0.9122941209292927
1000,620000,719900,4.3129089005272506e-05,-0.13115357998388735,2032.3144075565153,0.8940001236772163
1000,625000,724900,6.807691341429475e-05,-0.14797771746976143,2029.0470925152692,0.8681885205121928
1000,630000,729900,9.641966288792874e-05,-0.1681686080704057,2026.841025863358,0.8511745067668941
1000,635000,734900,0.00010871194477928898,-0.1720348222660992,2021.7154166492192,0.8306772177314057
1000,640000,739900,0.00012435365785779177,-0.17901575198638184,2017.5578049345863,0.8147805363086609
1000,645000,744900,0.0001517724171714787,-0.19817268430634685,2016.376811000377,0.8386637442852576
1000,650000,749900,0.000173744986004235,-0.20815492760191742,2012.7412345379173,0.8481498915222616
1000,655000,754900,0.00017327477847319916,-0.1946245632177856,2004.7083183463244,0.8116635828422054
1000,865000,964900,0.00014393526807576459,-0.07316853218488825,1953.3382027792566,0.8174556794059579
1000,870000,969900,0.0001467009159339928,-0.06509483055867442,1952.3013885605412,0.8509222521133548
1000,875000,974900,0.0001049853115361377,-0.014501428845704222,1943.8313350212663,0.8458011381116669
1000,185000,284900,4.24739367595139e-05,-0.08097461036590194,1963.1615688473203,0.8035037718202598
1000,540000,639900,-0.0001334980368496502,0.12118117262943445,1893.0666231193954,0.8052672834825645
1000,545000,644900,-0.0001335471735853337,0.11461241861054063,1895.578570103549,0.8250421359263223
1000,645000,744900,1.881331966652304e-06,-0.03992949068472571,1898.0236102938977,0.8273683947782413
1000,650000,749900,3.2577976789753667e-06,-0.043123184749941264,1897.2552265788104,0.8412790681399261
1000,655000,754900,1.3520409401993066e-06,-0.04389410944267965,1896.1581031483486,0.8532605569660923
1000,660000,759900,-1.8339712098487132e-06,-0.04090312149661987,1893.4715162442349,0.8537232025093701
1000,665000,764900,-1.7865224326050166e-05,-0.023389494135129113,1887.4111974612213,0.8660143253636465
1000,670000,769900,-1.9415615367999178e-05,-0.01829599693956551,1883.3575176888978,0.850226136422183
1000,675000,774900,-1.93503870018576e-05,-0.015240994957175825,1880.0048340132919,0.8271628069748458
1000,680000,779900,-1.3487277716334624e-05,-0.022133011168183316,1879.9684569263072,0.8310627019887549
1000,685000,784900,-8.18030776150609e-06,-0.030157326875709756,1880.5372652377562,0.8558275984255254
1000,690000,789900,-2.156379011886443e-06,-0.03963783815918625,1881.4643153343661,0.8844896059215693
1000,695000,794900,1.9896481382327345e-06,-0.04646775197018797,1881.4659205554924,0.9027137228811057
1000,700000,799900,3.0710528652520505e-06,-0.0465610143054193,1878.9755773717302,0.89732837036527
1000,705000,804900,8.998892004424018e-06,-0.05277016989269639,1878.1350671394475,0.9044520573574778
1000,710000,809900,2.2276500982415805e-05,-0.06389764412485308,1877.5655074506333,0.8941598086106444
1000,715000,814900,2.824604264010019e-05,-0.06604617542583893,1874.8693353921528,0.8711009457706633
1000,720000,819900,1.688575194869219e-05,-0.055251282579159885,1870.9988717270753,0.8438610071923783
1000,725000,824900,6.8680042699938825e-06,-0.04611875252334015,1867.4999149862113,0.8360095061321728
1000,730000,829900,3.5266667333196105e-07,-0.03914867380301842,1864.0118832813891,0.8329500091608744
1000,735000,834900,-6.496256691257454e-06,-0.029860762915957142,1859.5361229279702,0.8252053465821522
